   3, 010889,    99,   38.935
   4, 022689,   148,   26.080
   5, 032789,   177,   31.380
   6, 051889,   229,   21.523
   7, 062489,   266,   25.858
   8, 072989,   301,   34.527
   9, 082489,   327,   28.850
  10, 092289,   356,   21.716
  11, 101889,   382,   23.270
  12, 112789,   422,   26.470
  13, 010590,   461,   21.035
  14, 021590,   502,   28.710
  15, 031990,   534,   25.225
  16, 041390,   559,   31.040
  17, 050990,   585,   33.300
  18, 061390,   620,   14.825
  19, 072590,   662,   15.175
  22, 121890,   808,   13.775
  23, 020391,   855,   21.672
  25, 041091,   921,   22.523
  26, 050891,   949,   27.523
  27, 060591,   977,   21.655
  28, 071091,  1012,   23.035
  29, 081091,  1043,   21.030
  30, 091891,  1082,   23.612
  31, 102191,  1115,   25.285
  32, 120791,  1162,   23.005
  33, 010592,  1191,   21.077
  34, 021592,  1232,   22.662
  35, 030692,  1252,   20.625
  36, 041792,  1294,   22.055
  37, 060992,  1347,   19.413
  38, 070592,  1373,   19.065
  39, 080592,  1404,   17.808
  40, 092392,  1453,   19.255
  41, 102092,  1480,   25.915
  44, 012093,  1572,   28.973
  45, 021793,  1600,   14.785
  46, 041593,  1657,   19.240
  47, 052193,  1693,   24.593
  49, 091593,  1810,   24.350
  50, 103093,  1855,   16.875
  51, 012094,  1937,   28.052
  52, 021794,  1965,   29.755
  53, 030994,  1985,   24.608
  54, 061994,  2087,   23.170
  55, 072594,  2123,   23.575
  56, 083094,  2159,   19.922
  57, 092394,  2183,   17.740
  58, 101594,  2205,   22.320
  60, 020695,  2319,   24.575
  61, 030495,  2345,   16.547
  62, 040695,  2378,   20.113
  63, 050795,  2409,   21.703
  64, 073095,  2493,   22.140
  65, 082995,  2523,   17.700
  66, 092695,  2551,   15.182
  67, 102795,  2582,   16.258
  68, 111795,  2603,   18.303
  69, 011796,  2664,   13.935
  70, 032796,  2734,   13.570
  71, 042496,  2762,   21.513
  72, 052296,  2790,   14.985
  73, 062696,  2825,   20.320
  74, 072796,  2856,   18.363
  75, 082196,  2881,   18.450
  76, 100296,  2923,   21.588
  77, 103096,  2951,   19.425
  78, 121196,  2993,   24.720
  79, 010897,  3021,   19.273
  80, 021897,  3062,   26.037
  81, 031297,  3084,   23.627
  82, 040997,  3112,   16.770
  83, 050797,  3140,   22.128
  84, 060497,  3168,   19.242
  85, 070997,  3203,   20.918
  86, 080297,  3227,   18.942
  87, 092597,  3281,   21.168
  89, 011198,  3389,   23.690
  90, 021998,  3428,   28.207
  91, 031898,  3455,   24.065
  92, 041598,  3483,   26.213
  93, 051398,  3511,   27.520
  94, 061798,  3546,   24.593
  95, 071598,  3574,   21.402
  96, 081098,  3600,   28.555
  97, 092898,  3649,   21.113
  98, 101998,  3670,   25.220
  99, 111198,  3693,   19.412
 100, 120998,  3721,   19.580
 101, 011399,  3756,   19.652
 102, 021899,  3792,   26.475
 103, 031799,  3819,   27.890
 104, 041499,  3847,   37.617
 105, 051099,  3873,   20.797
 106, 071499,  3938,   28.782
 107, 081399,  3968,   20.985
 108, 101599,  4031,   21.113
 109, 110999,  4056,   22.517
 110, 121599,  4092,   22.133
 111, 020300,  4142,   18.523
 112, 030100,  4169,   20.130
 113, 032900,  4197,   20.360
 114, 042600,  4225,   21.758
 115, 052500,  4254,   23.338
 116, 062100,  4281,   31.515
 117, 072600,  4316,   27.795
 118, 082300,  4344,   20.295
 119, 101800,  4400,   17.587
 120, 113000,  4443,   24.827
 121, 122000,  4463,   22.300
 122, 011701,  4491,   20.242
 124, 032101,  4554,   21.315
 125, 041801,  4582,   22.720
 126, 051601,  4610,   18.680
 127, 061401,  4639,   22.418
 128, 071101,  4666,   20.180
 129, 080801,  4694,   18.188
 130, 100201,  4749,   21.530
 131, 102301,  4770,   23.010
 132, 111701,  4795,   16.735
 134, 011602,  4855,   18.503
 135, 022102,  4891,   16.623
 136, 031302,  4911,   21.293
 137, 052102,  4980,   23.285
 139, 082802,  5079,   24.912
 140, 100702,  5119,   20.760
 141, 110402,  5147,   19.888
 142, 112502,  5168,   18.695
 143, 121902,  5192,   18.753
 144, 011703,  5221,   20.963
 145, 022603,  5261,   19.585
 146, 032903,  5292,   20.293
 147, 042403,  5318,   22.815
 148, 052103,  5345,   17.915
 149, 062003,  5375,   17.815
 150, 072003,  5405,   20.758
 151, 082103,  5437,   20.383
 152, 101503,  5492,   24.763
 153, 111003,  5518,   20.773
 154, 122003,  5558,   21.838
 155, 012204,  5591,   23.187
 156, 022504,  5625,   17.410
 157, 032004,  5649,   22.895
 158, 042104,  5681,   23.350
 159, 051904,  5709,   20.422
 160, 061604,  5737,   20.975
 162, 081604,  5798,   23.508
 163, 092904,  5842,   23.062
 164, 103104,  5874,   26.745
 165, 112804,  5902,   23.487
 166, 122104,  5925,   20.113
 167, 020205,  5968,   17.173
 168, 030505,  5999,   18.540
 169, 051805,  6073,   25.720
 170, 061505,  6101,   24.753
 171, 071705,  6133,   20.900
 172, 081405,  6161,   26.837
 173, 091005,  6188,   29.630
 174, 100905,  6217,   24.532
 175, 111205,  6251,   24.020
 176, 121305,  6282,   25.662
 177, 012506,  6325,   27.898
 178, 021506,  6346,   23.132
 179, 031006,  6369,   27.055
 180, 040206,  6392,   29.707
 181, 052706,  6447,   23.730
 182, 061406,  6465,   20.012
 184, 080906,  6521,   22.038
 185, 091606,  6559,   19.965
 186, 102106,  6594,   23.227
 187, 110906,  6613,   18.970
 188, 121006,  6644,   20.770
 189, 020707,  6703,   15.733
 190, 032107,  6745,   20.260
 191, 050507,  6790,   28.747
 193, 070807,  6854,   24.797
 194, 080407,  6881,   22.900
 195, 090307,  6911,   25.512
 196, 100307,  6941,   28.388
 197, 120207,  7001,   26.940
 198, 122107,  7020,   24.107
 199, 013008,  7060,   23.820
 200, 022408,  7085,   19.422
 201, 052808,  7179,   16.175
 202, 062608,  7208,   19.680
 203, 072708,  7239,   23.135
 204, 081708,  7260,   24.092
 205, 101108,  7315,   33.848
 206, 120108,  7366,   40.822
 208, 012109,  7417,   29.790
 209, 021809,  7445,   17.973
 210, 042909,  7515,   19.533
 211, 052809,  7544,   23.875
 212, 070409,  7581,   23.545
 213, 072509,  7602,   18.015
 214, 081909,  7627,   29.385
 215, 092509,  7664,   18.395
 216, 110409,  7704,   20.943
 217, 121009,  7740,   23.420
 220, 040710,  7858,   20.825
 221, 051910,  7900,   27.895
 222, 060910,  7921,   25.430
 223, 070910,  7951,   28.025
 224, 080810,  7981,   28.157
 225, 090410,  8008,   22.427
 226, 100410,  8038,   26.507
 227, 112110,  8086,   23.520
 228, 010911,  8135,   22.233
 229, 012911,  8155,   18.887
 230, 030111,  8186,   21.035
 231, 041211,  8228,   21.080
 232, 051011,  8256,   29.893
 233, 072011,  8327,   28.938
 234, 083011,  8368,   25.720
 235, 092711,  8396,   28.877
 236, 110511,  8435,   33.468
 237, 112911,  8459,   33.640
 239, 011912,  8510,   26.490
 241, 050212,  8614,   26.968
 242, 053112,  8643,   23.040
 243, 062712,  8670,   21.405
 244, 080112,  8705,   21.325
 245, 081812,  8722,   24.212
 246, 091512,  8750,   22.533
 247, 100812,  8773,   21.495
 248, 120412,  8830,   21.790
 249, 021313,  8901,   25.495
 250, 030713,  8923,   33.038
 251, 040613,  8953,   26.282
 252, 051813,  8995,   25.317
 253, 062613,  9034,   25.282
 254, 091213,  9112,   20.390
 255, 100213,  9132,   29.558
 256, 102813,  9158,   24.825
 257, 112713,  9188,   25.030
 258, 122113,  9212,   22.162
 259, 011614,  9238,   21.728
 260, 021514,  9268,   23.845
 261, 030614,  9287,   21.700
 262, 041114,  9323,   33.922
 263, 060114,  9374,   22.190
 264, 070114,  9404,   21.027
 265, 091514,  9480,   20.705
 266, 101414,  9509,   21.960
 267, 112214,  9548,   27.277
 268, 121714,  9573,   21.167
 269, 022515,  9643,   24.933
 270, 032915,  9675,   26.875
 271, 042215,  9699,   24.413
 272, 052415,  9731,   35.432
 273, 062015,  9758,   20.227
 274, 072015,  9788,   15.208
 275, 081315,  9812,   20.803
 277, 101415,  9874,   24.960
 279, 120915,  9930,   21.915
 280, 011316,  9965,   25.325
 281, 021016,  9993,   25.893
 283, 041516, 10058,   21.190
 284, 052916, 10102,   19.218
 285, 071216, 10146,   23.692
 286, 081016, 10175,   25.825
 287, 101616, 10242,   26.742
 289, 012417, 10342,   22.537
 290, 022317, 10372,   21.152
 291, 032917, 10406,   28.408
 292, 042617, 10434,   28.583
 293, 052417, 10462,   25.860
 294, 062117, 10490,   21.378
 295, 080917, 10539,   19.970
 296, 100717, 10598,   16.947
 297, 110917, 10631,   22.832
 298, 121317, 10665,   22.338
 300, 022618, 10740,   35.803
 301, 041818, 10791,   24.620
 303, 062718, 10861,   20.050
 304, 072518, 10889,   19.218
 305, 091118, 10937,   18.677
 306, 101318, 10969,   20.098
 307, 111718, 11004,   22.105
 309, 011619, 11064,   23.082
 311, 050319, 11171,   29.392
 312, 061219, 11211,   18.255
 313, 070219, 11231,   23.762
 314, 080319, 11263,   20.545
 315, 090519, 11296,   22.582
 316, 101819, 11339,   19.998
 317, 121919, 11401,   21.225
 319, 013120, 11444,   19.523
 320, 071620, 11611,   20.883
 321, 080820, 11634,   18.588
 322, 090120, 11658,   21.728
 323, 092720, 11684,   20.527
 324, 111920, 11737,   22.635
 325, 121920, 11767,   19.442